2 1.0
3 1.0002707092582566
4 1.0005415651232061
5 0.9983748645720477
6 0.9767000812787863
7 0.9642276422764228
8 0.9563567362428842
9 0.9460412147505423
10 0.9408733387577977
11 0.9313619099294629
12 0.9248303934871099
13 0.9177524429967426
14 0.916915557969047
15 0.9117327539380772
16 0.9079054604726976
17 0.9065217391304348
18 0.9048654525686328
19 0.9018488308863513
20 0.9007342942616263
21 0.8996191512513602
22 0.8963265306122449
23 0.8973870440936309
24 0.8973591069970052
25 0.8927015250544662
26 0.8921274856987197
27 0.8896457765667575
28 0.8887980376124285
29 0.8887677208287895
30 0.8860103626943006
31 0.8810692853246045
32 0.877762619372442
33 0.8769104803493449
34 0.8768768768768769
35 0.8793009284543966
36 0.8792679595738869
37 0.8767759562841531
38 0.8767422793112872
39 0.8753417167851285
40 0.8761279737489746
41 0.87445295404814
42 0.8755129958960328
43 0.874384236453202
44 0.8729811114152751
45 0.8702081051478642
46 0.8677074774034511
47 0.8679452054794521
48 0.8648944916415456
49 0.8648574561403509
50 0.8659171922127776
51 0.8664289632473944
52 0.8650205761316873
53 0.8649835345773875
54 0.8627504803733187
55 0.8632619439868204
56 0.8634990387256248
57 0.8618131868131869
58 0.8625996152789228
59 0.8639362286970863
60 0.8627990101732197
61 0.8602860286028603
62 0.8591471801925722
63 0.8585580627407815
64 0.8568676025323424
65 0.8584801762114538
66 0.8592674194436795
67 0.8589531680440772
68 0.8591898594654175
69 0.8580485115766262
70 0.8566308243727598
71 0.8565912851627138
72 0.856551724137931
73 0.8576158940397351
74 0.8564725365719017
75 0.8545002760905577
76 0.8550124275062138
77 0.8544198895027625
78 0.8541033434650456
79 0.8551686014372581
80 0.8556815040088471
81 0.8564712389380531
82 0.8550484094052558
83 0.8555617044825677
84 0.8538610572931082
85 0.8527131782945736
86 0.8526723899196899
87 0.8520775623268698
88 0.8523136602937101
89 0.8508869179600886
90 0.8514000554477406
91 0.8519134775374376
92 0.8507628294036061
93 0.8509988901220865
94 0.8512350818762142
95 0.8503609106052193
96 0.8522632602054985
97 0.8525
98 0.8532925812725757
99 0.8524180100055586
100 0.8518209619127051
101 0.850111234705228
102 0.8475660639777469
103 0.8478018920422927
104 0.8491511271917618
105 0.8496659242761693
106 0.8499025341130604
107 0.8495821727019499
108 0.8481471161883533
109 0.8500557413600892
110 0.8494563702258154
111 0.8502509760178472
112 0.8507670850767085
113 0.8521205357142857
114 0.8531956461066146
115 0.8523171412618649
116 0.8525551521921251
117 0.8519553072625698
118 0.8502374965074043
119 0.8529904974846283
120 0.8537880905786972
121 0.8540268456375839
122 0.8542657342657343
123 0.8547845551203134
124 0.8558634200951581
125 0.8561030235162373
126 0.8560627275273033
127 0.8557422969187675
128 0.8559820678061082
129 0.8567825112107623
130 0.8561816652649286
131 0.8553000560852496
132 0.8546984572230014
133 0.8546576879910214
134 0.853774908784732
135 0.8531723750701853
136 0.8514462229710755
137 0.8514044943820225
138 0.851924697948862
139 0.8518830803822373
140 0.8515603036266517
141 0.8526434195725534
142 0.8531645569620253
143 0.8536859876195836
144 0.8528004503236701
145 0.852759009009009
146 0.8524359335398479
147 0.8523943661971831
148 0.8523527754296986
149 0.8517474633596392
150 0.851141809980265
151 0.8510998307952623
152 0.8507757404795486
153 0.8510158013544018
154 0.8501270110076207
155 0.8503670242800677
156 0.8486303304151369
157 0.8491525423728814
158 0.8485447866628991
159 0.8490672696438666
160 0.8476109697483744
161 0.8475678733031674
162 0.8466760961810467
163 0.8463497453310697
164 0.8474384375884517
165 0.8488108720271801
166 0.8484848484848485
167 0.8484419263456091
168 0.8489657126664778
169 0.8494897959183674
170 0.8508647575843493
171 0.8513896766874646
172 0.8524822695035461
173 0.85527809307605
174 0.8560885608856088
175 0.8577512776831345
176 0.8577108775915933
177 0.8579545454545454
178 0.8593350383631714
179 0.8590108015918135
180 0.8584020471993176
181 0.8592150170648464
182 0.8597439544807965
183 0.8597040409789414
184 0.8605180757187589
185 0.8610478359908884
186 0.8621475363144403
187 0.8621082621082621
188 0.8634938728982616
189 0.8640250855188142
190 0.8651268890789849
191 0.8639475185396464
192 0.8644793152639088
193 0.8635844748858448
194 0.8629745932058236
195 0.8615077098800685
196 0.8623250499857184
197 0.8622857142857143
198 0.862532152043441
199 0.8627787307032591
200 0.8633114097798112
201 0.8647025171624714
202 0.8649499284692418
203 0.866056096164854
204 0.8645863154881192
205 0.8645475372279496
206 0.8647951876253223
207 0.8659025787965616
208 0.8641444539982803
209 0.8646788990825688
210 0.8655004301691999
211 0.8651749856569134
212 0.8654232424677188
213 0.8668197474167624
214 0.8664944013781223
215 0.8670304422745548
216 0.8678540649238724
217 0.8686781609195402
218 0.8697901695889624
219 0.8709028177113284
220 0.8717285015818234
221 0.872554660529344
222 0.8730935251798562
223 0.8733448474381117
224 0.8747480564353585
225 0.8741359447004609
226 0.8749639873235379
227 0.875792507204611
228 0.8751801671951571
229 0.8742791234140715
230 0.8748197288722238
231 0.8742065781881131
232 0.8738816738816739
233 0.8747113163972287
234 0.8743863701992493
235 0.8755054881571346
236 0.8769141866512569
237 0.8774566473988439
238 0.8765539173171437
239 0.876229034123771
240 0.8756146948221001
241 0.8755787037037037
242 0.8761215629522431
243 0.8772437753329473
244 0.8774978279756733
245 0.8774623406720742
246 0.8794552303680093
247 0.8797101449275362
248 0.8793853290808931
249 0.8805104408352669
250 0.8804757760371338
251 0.8810214741729542
252 0.881277213352685
253 0.8815331010452961
254 0.8820795817600929
255 0.8817547937245788
256 0.8811392037198489
257 0.8808139534883721
258 0.8816516429194533
259 0.881326352530541
260 0.8812918242653477
261 0.8821303841676368
262 0.8826783114992722
263 0.8823529411764706
264 0.8823186717157006
265 0.8837412587412588
266 0.8842902943748179
267 0.8845481049562682
268 0.884222805482648
269 0.8853558926487748
270 0.8850306390428947
271 0.8841214244016345
272 0.884963503649635
273 0.8852219626168224
274 0.8863569967864446
275 0.886031560490941
276 0.8868751826951183
277 0.8880116959064327
278 0.8876864580286633
279 0.8882387361029842
280 0.8890839918056775
281 0.8896370023419203
282 0.8907759882869692
283 0.8919156414762741
284 0.8924699677702901
285 0.8933177022274326
286 0.8938727645851656
287 0.8941348973607038
288 0.8946905250806688
289 0.8943661971830986
290 0.8940416788963897
291 0.8945977686435702
292 0.8948604992657856
293 0.8942420681551116
294 0.8947987070232148
295 0.8953556731334509
296 0.8962069979417818
297 0.8964705882352941
298 0.8982053545160341
299 0.8984696880517952
300 0.8987341772151899
301 0.8989988221436984
302 0.8989690721649485
303 0.8992339422510313
304 0.8997936928971412
305 0.8991745283018868
306 0.898849896785609
307 0.8994100294985251
308 0.8990852758925937
309 0.8981700118063755
310 0.8987304399173309
311 0.8989958653278204
312 0.8989660265878877
313 0.8995271867612293
314 0.8992018918120012
315 0.9000591366055588
316 0.9003253475303165
317 0.9005917159763314
318 0.9014501331754957
319 0.9026050917702783
320 0.9022801302931596
321 0.9034360189573459
322 0.9034074074074074
323 0.9033787788974511
324 0.9045360213459828
325 0.9053973902728352
326 0.9065559181251854
327 0.9065281899109793
328 0.9065004452359751
329 0.9067695961995249
330 0.9064449064449065
331 0.9067142008318478
332 0.9069836552748886
333 0.9069560047562426
334 0.9066309842402617
335 0.9069006543723974
336 0.906872954477834
337 0.9074404761904762
338 0.9080083358142305
339 0.9082787373436569
340 0.9082514149538278
341 0.9085220500595947
342 0.9090909090909091
343 0.9090638044126417
344 0.909036683566955
345 0.9090095465393795
346 0.9092808116980006
347 0.9095522388059701
348 0.9098238280083607
349 0.910394265232975
350 0.9109650433223783
351 0.9109384339509863
352 0.9106128550074738
353 0.9102870813397129
354 0.9099611127729584
355 0.9105326152004788
356 0.9108051481592337
357 0.9110778443113773
358 0.9116501946690626
359 0.9116237267825045
360 0.9121965837578664
361 0.9118705035971223
362 0.9118440779610195
363 0.9130173965206959
364 0.912991299129913
365 0.9132653061224489
366 0.913239267487241
367 0.9135135135135135
368 0.9134875337939321
369 0.9134615384615384
370 0.9137360985873159
371 0.9137101623571858
372 0.9130827067669173
373 0.9130565583634176
374 0.9136322600060186
375 0.9136062612883805
376 0.9132791327913279
377 0.9135542168674698
378 0.9141307622777946
379 0.9144062688366486
380 0.9134760325595418
381 0.9140530759951749
382 0.9134238310708899
383 0.9143029571514786
384 0.9142770902505282
385 0.9145531400966184
386 0.9142253095741468
387 0.913595166163142
388 0.9138712601994561
389 0.9141475211608222
390 0.9144239491986695
391 0.9140955837870538
392 0.914069591527988
393 0.914043583535109
394 0.9140175597941266
395 0.9142943670502726
396 0.915177219024538
397 0.9157575757575758
398 0.9160351621703546
399 0.9166161309884778
